0,0.000000
0,52.383449
0,49.959207
1,54.747474
2,46.073925
3,45.988456
4,26.897546
5,46.550116
6,54.671717
7,64.842656
8,51.979409
9,44.004328
10,47.459207
11,39.496336
12,54.836551
13,37.373737
14,46.504329
15,45.680707
16,55.641025
17,54.835498
18,67.298853
19,71.828372
20,74.444444
21,76.623377
22,73.686869
23,72.532468
24,63.873737
25,63.079976
26,81.147186
27,56.965812
28,77.638889
29,59.325397
30,75.909091
31,51.601731
32,77.777778
33,60.138889
34,59.410866
35,67.297980
36,81.388889
37,89.159091
38,63.668831
39,88.484848
40,78.119658
41,79.742064
42,78.014763
43,90.879121
44,63.797980
45,75.353535
46,81.633449
47,100.000000
48,81.555555
49,66.190475
50,77.029914
51,82.958152
52,71.998834
53,72.268009
54,68.391053
55,83.772338
56,79.909091
57,64.396104
58,82.436869
59,67.083333
60,80.404041
61,69.688644
62,78.075757
63,58.758117
64,51.626984
65,64.887265
66,75.293318
67,62.697302
68,60.657259
69,63.374903
70,69.083694
71,59.252136
72,76.273504
73,80.224358
74,75.183983
75,87.909091
76,84.797980
77,73.310134
78,80.938644
79,83.888889
80,68.458042
81,80.641025
82,65.214286
83,57.387335
84,87.331002
85,69.797980
86,64.540042
87,61.393939
88,97.307692
89,71.584596
90,75.075757
91,65.067432
92,65.310245
93,78.888889
94,89.069263
95,84.137807
96,61.774892
97,85.085470
98,88.888889
99,68.055556
100,68.677850
101,70.782828
102,69.583333
103,69.285714
104,50.824675
105,78.282828
106,69.537240
107,64.242424
108,74.181818
109,74.136752
110,72.231934
111,60.492424
112,82.504273
113,84.748377
114,58.722222
115,69.797980
116,58.678932
117,76.884921
118,75.032467
119,75.409091
120,77.676282
121,67.522338
122,71.880951
123,69.210372
124,79.480519
125,57.462814
126,82.190476
127,69.448052
128,82.337662
129,62.047619
130,62.222223
131,63.002344
132,86.196581
133,67.893218
134,72.708333
135,70.532467
136,73.345959
137,82.191141
138,75.337994
139,59.256021
140,71.625874
141,82.500000
142,87.916666
143,72.939394
144,90.164835
145,81.518759
146,48.510101
147,70.032467
148,73.012265
149,72.457071
150,76.575757
151,85.432900
152,79.742424
153,79.097223
154,82.007992
155,68.333333
156,50.395715
157,84.807692
158,86.212121
159,89.409091
160,75.032467
161,65.075757
162,87.045454
163,68.044316
164,82.446581
165,81.625874
166,74.779914
167,60.627705
168,70.918803
169,77.125874
170,64.956710
171,83.857143
172,75.032467
173,72.681762
174,82.575757
175,87.500000
176,80.224359
177,78.353175
178,75.196581
179,72.222222
180,80.716783
181,85.148809
182,63.488456
183,72.999999
184,72.635975
185,82.050726
186,68.167388
187,74.410867
188,75.694444
189,39.880952
190,58.532925
191,76.696581
192,54.602272
193,70.992063
194,73.214286
195,74.288211
196,64.357142
197,63.798701
198,64.835859
199,59.880952
200,90.432900
201,73.024475
202,66.133450
203,56.599511
204,54.659090
205,75.707071
206,74.242424
207,79.821789
208,69.357906
209,66.762265
210,68.108975
211,89.807692
212,69.050116
213,76.746032
214,65.149572
215,77.443182
216,69.920635
217,86.250000
218,68.750000
219,73.131313
220,65.272338
221,84.175824
222,73.476191
223,76.880952
224,67.214286
225,67.340159
226,70.575757
227,85.909091
228,77.579365
229,74.880952
230,82.307692
231,56.973304
232,85.135975
233,81.071429
234,89.242424
235,94.242424
236,67.555555
237,79.797980
238,79.659091
239,55.313436
240,71.322844
241,69.292929
242,83.008657
243,68.849359
244,77.099566
245,84.090909
246,82.359307
247,73.920454
248,85.138889
249,67.823925
250,72.575757
251,74.166666
252,65.409091
253,92.575757
254,78.207071
255,76.767676
256,79.551281
257,72.744199
258,66.714951
259,89.375000
260,56.713564
261,73.488247
262,66.305917
263,83.571428
264,56.333333
265,71.464646
266,76.672980
267,69.396645
268,73.301587
269,75.106838
270,62.337662
271,62.020202
272,62.201964
273,93.216783
274,75.389610
275,58.575036
276,63.915043
277,80.151514
278,56.464646
279,78.696581
280,72.222222
281,76.421911
282,83.833333
283,91.666666
284,80.934343
285,73.292540
286,66.682900
287,77.589286
288,65.641025
289,74.393939
290,66.681096
291,66.730769
292,82.380952
293,76.681429
294,73.003107
295,81.623377
296,78.888889
297,93.888889
298,97.307692
299,72.459206
300,61.682900
301,66.551227
302,60.730769
303,77.705627
304,81.388889
305,82.040043
306,70.555556
307,84.880952
308,74.694056
309,69.047980
310,74.172980
311,65.932900
312,77.722222
313,87.960373
314,77.916666
315,75.714286
316,62.178932
317,64.658120
318,79.199133
319,70.284091
320,72.352543
321,65.897851
322,86.073925
323,67.869408
324,82.727272
325,73.329726
326,90.909091
327,62.744199
328,70.508657
329,81.250000
330,74.999999
331,78.696581
332,56.708846
333,67.858877
334,72.242424
335,81.010101
336,73.131313
337,79.722223
338,67.396978
339,68.153290
340,78.036616
341,78.557692
342,82.426739
343,69.071428
344,61.243590
345,62.800116
346,79.280122
347,65.551947
348,72.888889
349,83.219698
350,78.737374
351,92.447552
352,87.932692
353,82.784091
354,67.029914
355,72.799756
356,71.847735
357,78.791209
358,74.488455
359,70.000000
360,61.478175
361,75.551948
362,69.545454
363,81.222222
364,59.701825
365,60.675158
366,74.956709
367,89.182900
368,61.349206
369,69.241869
370,69.159091
371,85.333333
372,81.788211
373,88.571428
374,75.909091
375,80.266233
376,82.500000
377,75.536130
378,76.762265
379,77.898629
380,70.032467
381,61.179487
382,67.266025
383,63.264402
384,65.402930
385,81.625874
386,75.651709
387,63.247308
388,77.063492
389,72.745400
390,74.433566
391,54.242424
392,81.904762
393,95.807692
394,66.631313
395,81.493506
396,67.762237
397,72.853535
398,65.268064
399,72.513840
400,67.222222
401,63.141026
402,67.952381
403,89.523809
404,65.594406
405,75.790043
406,65.468975
407,78.040404
408,87.222222
409,83.888889
410,83.297980
411,67.655122
412,70.032467
413,79.529914
414,76.060606
415,51.623377
416,58.443182
417,55.473276
418,85.512265
419,72.651514
420,76.423853
421,65.888889
422,71.770173
423,80.909091
424,66.478175
425,89.675324
426,83.750000
427,61.504329
428,80.151514
429,64.409091
430,84.071428
431,83.464646
432,64.097222
433,71.436869
434,74.318182
435,69.722222
436,71.335469
437,73.690476
438,58.472222
439,69.133089
440,63.418803
441,87.777778
442,76.145104
443,80.790043
444,88.141233
445,74.027778
446,72.481684
447,75.666666
448,78.772338
449,81.802641
450,76.041666
451,63.994561
452,60.512265
453,74.388889
454,69.050116
455,76.936869
456,73.431068
457,74.837662
458,78.357142
459,63.686869
460,82.916666
461,83.766233
462,72.007992
463,38.547980
464,58.630953
465,75.146104
466,60.538003
467,78.910257
468,57.412698
469,76.464646
470,77.948717
471,66.818181
472,75.853175
473,65.753621
474,61.616161
475,78.484848
476,90.524475
477,78.933566
478,74.357143
479,79.611014
480,78.797980
481,80.170939
482,75.363247
483,73.911227
484,81.617064
485,73.011363
486,57.684676
487,87.510822
488,64.034091
489,68.974358
490,55.082071
491,72.188644
492,76.815684
493,66.944444
494,79.765929
495,57.029914
496,78.000000
497,73.869408
498,84.831501
499,76.616161
500,69.678932
501,90.138889
502,68.722943
503,67.765567
504,78.174603
505,78.273809
506,87.575757
507,76.371212
508,65.101009
509,70.595238
510,95.817308
511,70.505952
512,66.766233
513,59.878940
514,57.401154
515,78.369408
516,67.714646
517,69.299243
518,67.604618
519,81.831501
520,69.397546
521,80.623377
522,65.729826
523,72.623377
524,93.333333
525,57.761905
526,72.436869
527,76.028138
528,78.888889
529,91.196581
530,96.538461
531,80.378788
532,55.746752
533,90.909091
534,75.631313
535,90.974358
536,70.877136
537,88.931068
538,86.414835
539,60.661616
540,74.943389
541,75.553724
542,83.216783
543,90.489510
544,67.520604
545,65.530303
546,87.575757
547,72.295483
548,83.888889
549,80.269231
550,64.468919
551,74.916666
552,60.863636
553,77.500000
554,62.423077
555,77.186869
556,70.097735
557,74.166667
558,74.827533
559,76.421357
560,38.164683
561,69.264402
562,77.329545
563,84.649725
564,59.891844
565,66.445165
566,75.492424
567,63.308566
568,67.686480
569,84.423077
570,90.151515
571,58.131313
572,76.626984
573,62.536075
574,67.075757
575,84.599567
576,81.607143
577,71.866883
578,85.470086
579,83.141025
580,72.649475
581,68.018162
582,80.776515
583,54.659090
584,78.809524
585,81.630952
586,78.964646
587,81.875000
588,71.250000
589,73.454878
590,69.384921
591,65.750360
592,73.123376
593,87.766233
594,81.269841
595,53.021978
596,62.736014
597,79.722222
598,76.212120
599,64.444444
600,57.777778
601,82.532467
602,66.282467
603,79.166666
604,75.252525
605,80.357143
606,79.631617
607,73.053723
608,82.373737
609,55.372475
610,77.099358
611,82.523809
612,68.766233
613,87.307692
614,86.388889
615,88.523809
616,88.409091
617,67.984098
618,72.105672
619,96.666666
620,69.808663
621,58.611111
622,81.160257
623,67.705627
624,79.606061
625,61.913363
626,65.720390
627,64.770506
628,78.060606
629,87.575757
630,80.631313
631,63.040015
632,55.032467
633,78.399711
634,85.909091
635,79.166666
636,68.845599
637,77.268010
638,75.075757
639,77.575757
640,90.833334
641,84.242424
642,70.300116
643,73.712121
644,83.441141
645,62.178932
646,78.436507
647,63.986624
648,72.348485
649,70.638889
650,58.270201
651,44.873737
652,79.722222
653,76.297591
654,92.575757
655,79.603175
656,68.446484
657,79.897186
658,75.706349
659,56.525974
660,80.000000
661,70.813492
662,87.222222
663,73.214286
664,73.585858
665,95.909091
666,84.802198
667,68.636364
668,47.915043
669,74.523809
670,84.603174
671,79.474358
672,70.169413
673,77.939006
674,69.827533
675,78.825757
676,81.777778
677,78.666667
678,75.746753
679,76.337662
680,69.537129
681,64.959207
682,93.766233
683,65.000000
684,74.186869
685,70.540404
686,87.333333
687,77.816349
688,81.547980
689,75.407925
690,60.390734
691,72.105672
692,74.908702
693,56.783022
694,93.333334
695,81.544011
696,77.670939
697,70.335497
698,75.512265
699,71.527778
700,77.373737
701,54.063644
702,77.247863
703,61.825397
704,68.888889
705,90.557692
706,75.151514
707,76.746032
708,82.622377
709,83.696581
710,61.461039
711,77.383449
712,76.161616
713,64.000000
714,89.797980
715,74.321789
716,66.686869
717,79.363969
718,71.554002
719,63.282828
720,69.579364
721,65.790043
722,80.175324
723,81.095570
724,82.013319
725,84.734848
726,82.075757
727,72.777778
728,44.726551
729,62.696581
730,74.053031
731,84.675324
732,78.216782
733,83.920455
734,65.337662
735,77.401514
736,76.401515
737,76.196581
738,65.601343
739,82.196428
740,64.813242
741,84.464285
742,83.434343
743,77.115384
744,74.349261
745,77.575757
746,68.056527
747,76.910867
748,71.464646
749,77.238456
750,58.214286
751,59.946581
752,70.716783
753,81.616161
754,74.999999
755,78.333333
756,60.017315
757,80.641025
758,74.071484
759,59.318182
760,75.363247
761,60.644230
762,83.888889
763,72.307692
764,80.426407
765,69.242424
766,71.594017
767,77.922980
768,72.272727
769,86.485043
770,76.331932
771,88.484848
772,73.024892
773,57.123016
774,61.269841
775,79.797980
776,64.075757
777,68.997113
778,74.252136
779,67.186869
780,75.925116
781,84.125874
782,72.655122
783,83.888889
784,80.575757
785,84.242424
786,73.290043
787,76.236263
788,66.939005
789,74.909091
790,70.101010
791,63.220391
792,73.409091
793,70.442820
794,73.693182
795,81.704545
796,75.353535
797,82.777778
798,60.555555
799,70.555555
800,70.388889
801,81.616161
802,68.750001
803,94.166666
804,79.417249
805,87.916666
806,83.333332
807,75.075757
808,82.584415
809,79.962814
810,73.409091
811,81.742424
812,69.512986
813,95.432692
814,69.691141
815,82.325757
816,61.345599
817,69.040404
818,65.790043
819,89.480519
820,65.861014
821,81.547619
822,81.417735
823,72.307692
824,65.464646
825,71.077533
826,83.581196
827,74.657175
828,69.603174
829,75.000000
830,64.684343
831,73.048340
832,77.129120
833,61.575757
834,68.297980
835,82.222222
836,65.898601
837,71.950757
838,67.085470
839,91.666666
840,84.714286
841,51.802641
842,88.974358
843,74.075368
844,65.234848
845,76.318182
846,69.355519
847,85.833333
848,92.099358
849,51.706349
850,67.436869
851,85.363247
852,83.746032
853,67.840965
854,63.674658
855,79.103535
856,69.380952
857,71.727272
858,87.575757
859,74.047619
860,76.893939
861,75.666666
862,72.375902
863,83.504273
864,75.714286
865,76.696429
866,65.457875
867,74.718614
868,79.329365
869,72.714646
870,63.028083
871,90.909091
872,82.655122
873,79.529914
874,78.368297
875,74.440837
876,46.186868
877,73.855311
878,68.171356
879,69.409091
880,77.909091
881,79.702062
882,79.599358
883,67.987013
884,74.125874
885,92.878788
886,68.946609
887,61.316350
888,81.196581
889,69.483016
890,95.909091
891,86.474358
892,80.103175
893,88.409091
894,68.995726
895,84.224358
896,89.242424
897,57.575758
898,69.211343
899,78.518981
900,69.603174
901,79.090909
902,70.021978
903,88.216783
904,76.623377
905,72.654914
906,80.716783
907,66.021978
908,82.932692
909,61.919192
910,80.454545
911,76.038960
912,75.029762
913,66.976912
914,78.928571
915,67.337662
916,74.643064
917,55.829670
918,49.932844
919,67.091991
920,67.406205
921,90.357143
922,87.575757
923,93.181818
924,69.840159
925,82.367424
926,73.955419
927,85.454545
928,62.909034
929,84.081197
930,69.586441
931,83.931068
932,75.714286
933,71.983016
934,76.527778
935,72.772338
936,72.337662
937,65.903651
938,84.662698
939,91.666666
940,74.205627
941,81.004273
942,67.870462
943,46.226551
944,64.888889
945,75.378788
946,57.002649
947,73.100649
948,64.751359
949,69.216783
950,83.939394
951,69.927350
952,58.008658
953,86.474358
954,75.714286
955,91.666666
956,73.415195
957,63.689005
958,82.813853
959,88.242424
960,70.707071
961,79.716783
962,96.666666
963,68.507396
964,71.623377
965,72.468434
966,75.994561
967,69.594017
968,64.199134
969,75.439005
970,84.645354
971,74.841270
972,78.936508
973,69.422980
974,93.216783
975,62.166666
976,79.444444
977,47.844933
978,81.107503
979,93.888889
980,74.879121
981,88.888889
982,80.521978
983,67.222222
984,84.797980
985,95.714285
986,78.131313
987,60.161227
988,84.480519
989,79.659091
990,74.220570
991,64.603174
992,82.722222
993,69.956709
994,66.901154
995,73.547980
996,69.520202
997,66.232447
998,92.083334
999,77.238247
1000,85.925116
1001,77.099358
1002,80.833333
1003,60.601343
1004,78.285714
1005,71.944444
1006,67.989510
1007,73.214286
1008,51.018010
1009,61.226551
1010,67.778749
1011,59.444444
1012,93.216783
1013,85.075757
1014,79.848485
1015,72.939005
1016,74.000000
1017,64.956710
1018,50.158730
1019,81.325757
1020,73.292540
1021,51.763791
1022,62.089744
1023,70.873016
1024,61.290015
1025,76.595903
1026,84.469698
1027,77.939213
1028,74.841269
1029,54.871795
1030,75.514762
1031,83.333333
1032,76.742424
1033,76.855310
1034,76.071428
1035,60.588023
1036,81.266233
1037,82.159091
1038,75.209235
1039,66.388889
1040,77.661227
1041,83.484848
1042,75.047619
1043,70.537518
1044,70.146464
1045,95.000000
1046,64.797980
1047,77.055555
1048,61.388889
1049,78.068181
1050,82.216783
1051,78.896104
1052,54.280996
1053,57.725330
1054,50.162337
1055,75.521978
1056,70.858586
1057,83.349358
1058,65.806068
1059,52.742035
1060,87.297980
1061,62.709235
1062,75.252525
1063,77.339743
1064,74.038669
1065,62.873376
1066,80.214646
1067,61.522643
1068,71.891997
1069,90.357143
1070,54.688853
1071,66.831709
1072,70.835470
1073,72.103175
1074,81.647186
1075,76.269841
1076,75.707071
1077,87.728175
1078,74.887265
1079,75.898601
1080,72.929292
1081,81.464646
1082,80.833333
1083,74.797619
1084,68.088023
1085,47.272727
1086,73.021978
1087,76.694805
1088,83.825757
1089,84.053724
1090,76.590909
1091,84.013889
1092,75.959206
1093,67.727273
1094,89.166666
1095,83.055555
1096,78.095238
1097,57.020202
1098,70.380244
1099,85.151515
1100,73.693182
1101,62.373737
1102,77.012987
1103,83.311688
1104,90.909091
1105,86.095571
1106,82.916666
1107,80.686869
1108,86.190475
1109,71.819957
1110,80.549451
1111,83.409091
1112,76.019571
1113,70.480519
1114,84.172980
1115,72.790043
1116,82.551282
1117,68.290043
1118,61.487956
1119,73.112824
1120,78.160867
1121,79.464286
1122,85.080419
1123,75.706710
1124,74.063853
1125,76.931818
1126,67.893772
1127,80.879120
1128,73.055555
1129,58.499999
1130,91.250000
1131,57.645201
1132,64.913419
1133,73.663002
1134,80.230880
1135,78.055555
1136,64.924242
1137,69.599567
1138,38.319084
1139,60.277778
1140,72.111111
1141,54.704878
1142,54.559552
1143,66.762265
1144,83.216782
1145,88.216783
1146,77.863248
1147,77.229437
1148,64.603175
1149,80.888889
1150,62.500000
1151,90.151515
1152,81.777778
1153,76.269841
1154,68.204602
1155,71.121212
1156,70.641025
1157,82.655122
1158,50.992063
1159,70.831501
1160,61.005660
1161,87.234848
1162,51.269841
1163,85.123377
1164,71.355311
1165,68.428932
1166,88.825757
1167,75.909091
1168,82.054473
1169,60.071428
1170,71.495171
1171,60.115440
1172,77.083333
1173,69.474969
1174,87.575757
1175,71.178932
1176,84.603175
1177,90.909091
1178,85.584415
1179,89.807692
1180,67.135642
1181,76.448052
1182,76.944444
1183,68.170995
1184,52.790043
1185,79.742424
1186,53.878788
1187,78.441558
1188,74.510101
1189,67.988456
1190,79.324009
1191,91.212121
1192,66.132478
1193,77.424243
1194,64.207071
1195,80.353535
1196,61.269841
1197,91.666666
1198,82.216783
1199,66.004273
1200,74.659784
1201,62.222222
1202,63.987193
1203,83.236263
1204,71.720779
1205,69.931068
1206,77.960372
1207,61.283994
1208,64.577922
1209,74.605672
1210,81.266233
1211,54.325855
1212,58.226551
1213,78.331501
1214,85.909091
1215,68.449328
1216,82.500000
1217,70.907467
1218,60.636905
1219,80.909090
1220,83.055555
1221,78.661616
1222,73.454545
1223,63.242035
1224,69.208846
1225,75.641025
1226,67.380952
1227,79.814213
1228,59.080087
1229,76.666666
1230,73.113247
1231,79.529914
1232,82.651515
1233,62.073260
1234,67.397186
1235,63.581349
1236,81.471861
1237,58.143939
1238,53.750000
1239,69.453824
1240,79.404762
1241,84.053724
1242,83.397436
1243,72.960373
1244,53.097734
1245,53.762626
1246,68.611111
1247,81.544011
1248,78.333333
1249,75.238095
1250,66.629480
1251,85.317460
1252,81.300505
1253,69.821429
1254,83.409091
1255,69.513889
1256,65.639193
1257,78.052641
1258,78.896103
1259,74.444444
1260,69.125874
1261,71.964286
1262,69.980519
1263,77.141636
1264,91.388889
1265,82.473194
1266,73.902930
1267,55.514762
1268,78.369408
1269,89.214286
1270,69.040404
1271,87.099567
1272,93.888889
1273,85.652680
1274,54.734488
1275,53.244811
1276,74.689394
1277,78.131313
1278,75.790042
1279,66.047980
1280,68.409091
1281,73.333333
1282,81.553724
1283,84.341783
1284,76.474358
1285,60.928932
1286,85.075757
1287,83.333333
1288,72.140151
1289,76.055555
1290,61.705627
1291,77.655122
1292,76.064213
1293,81.041666
1294,44.754689
1295,61.724386
1296,68.501776
1297,71.916666
1298,65.221861
1299,69.124542
1300,59.441558
1301,78.888889
1302,74.603175
1303,65.515873
1304,58.006313
1305,85.164835
1306,62.375000
1307,75.230880
1308,79.529914
1309,70.670995
1310,80.667332
1311,88.484848
1312,92.575757
1313,69.950980
1314,67.146464
1315,65.484098
1316,68.675324
1317,80.075757
1318,79.166666
1319,86.623377
1320,84.883449
1321,46.883117
1322,65.641025
1323,73.572093
1324,65.936508
1325,60.677100
1326,82.976398
1327,82.575757
1328,90.555555
1329,74.861111
1330,74.083694
1331,88.216783
1332,85.164835
1333,65.524475
1334,74.483016
1335,68.042568
1336,73.091991
1337,75.541666
1338,74.318182
1339,52.865801
1340,85.326340
1341,84.875000
1342,70.777778
1343,68.178932
1344,64.584304
1345,81.464646
1346,58.964646
1347,48.095237
1348,80.555555
1349,82.575757
1350,82.297980
1351,81.222223
1352,84.246032
1353,71.123737
1354,67.655122
1355,86.388889
1356,68.686869
1357,86.341991
1358,79.583333
1359,69.883449
1360,59.115384
1361,72.988456
1362,59.242424
1363,65.935425
1364,78.216783
1365,87.765567
1366,83.974358
1367,84.797980
1368,75.297979
1369,68.934676
1370,82.609710
1371,78.736263
1372,51.436508
1373,65.797980
1374,74.911616
1375,79.666666
1376,75.353535
1377,76.666666
1378,74.591241
1379,74.595959
1380,74.541569
1381,76.269841
1382,85.988247
1383,83.990384
1384,73.280122
1385,80.707071
1386,68.216782
1387,83.633449
1388,74.141414
1389,75.631313
1390,59.836080
1391,60.401154
1392,66.232656
1393,75.366161
1394,69.305555
1395,80.439005
1396,73.978175
1397,70.000000
1398,81.105006
1399,76.682692
1400,66.282050
1401,74.383449
1402,85.238095
1403,67.888889
1404,73.055555
1405,80.716783
1406,81.388889
1407,70.730519
1408,67.585470
1409,67.459206
1410,62.484459
1411,68.711288
1412,75.803571
1413,71.980880
1414,74.520202
1415,75.514762
1416,74.814005
1417,74.599567
1418,83.119658
1419,63.363636
1420,79.821428
1421,77.794775
1422,75.230880
1423,70.812382
1424,52.866577
1425,49.359127
1426,70.854146
1427,72.297980
1428,61.544622
1429,72.051282
1430,69.774475
1431,68.333333
1432,74.877344
1433,73.425323
1434,75.158730
1435,92.500000
1436,76.578254
1437,75.677100
1438,66.791486
1439,53.653291
1440,50.792540
1441,73.425117
1442,78.564213
1443,55.478175
1444,89.372294
1445,71.944444
1446,79.722222
1447,66.028138
1448,63.505383
1449,79.315267
1450,70.641025
1451,77.716783
1452,66.266233
1453,84.164835
1454,76.262626
1455,71.805555
1456,85.000000
1457,51.821428
1458,70.269841
1459,73.807692
1460,43.111111
1461,76.904762
1462,74.777778
1463,64.156953
1464,74.797980
1465,75.389610
1466,64.212121
1467,49.078699
1468,71.103896
1469,70.696581
1470,68.055555
1471,66.139762
1472,55.490260
1473,63.800116
1474,69.659090
1475,83.750000
1476,69.288211
1477,59.589438
1478,79.047619
1479,67.880952
1480,63.292540
1481,73.329670
1482,78.633449
1483,51.410867
1484,64.629329
1485,65.895104
1486,70.294774
1487,54.944805
1488,84.927850
1489,79.807691
1490,75.704365
1491,68.888889
1492,80.666666
1493,68.260073
1494,72.097277
1495,57.700910
1496,80.317460
1497,59.505772
1498,67.777778
1499,86.196581
1500,86.474358
1501,51.345598
1502,76.186869
1503,54.797980
1504,80.409091
1505,83.777472
1506,83.361471
1507,75.918803
1508,64.929390
1509,77.777778
1510,61.057900
1511,59.999999
1512,78.557692
1513,57.105672
1514,83.766233
1515,80.994561
1516,81.388889
1517,89.242424
1518,51.474359
1519,71.547619
1520,64.236984
1521,69.722222
1522,81.325757
1523,77.482143
1524,64.006826
1525,46.556221
1526,58.974358
1527,66.666666
1528,66.236263
1529,70.761364
1530,72.222222
1531,56.077533
1532,92.500000
1533,70.075758
1534,80.724358
1535,64.335317
1536,86.409091
1537,65.043289
1538,68.033702
1539,58.541666
1540,77.359307
1541,67.702020
1542,64.029581
1543,57.012265
1544,59.375000
1545,86.282050
1546,87.893773
1547,82.916666
1548,57.530122
1549,53.528138
1550,54.147727
1551,85.555555
1552,63.084415
1553,67.178932
1554,82.571429
1555,69.801587
1556,70.590520
1557,75.988455
1558,61.476301
1559,64.098901
1560,78.055555
1561,77.638889
1562,80.075757
1563,65.383450
1564,67.291666
1565,72.424242
1566,82.863247
1567,76.275252
1568,70.393772
1569,70.714286
1570,69.805555
1571,72.661227
1572,81.474358
1573,74.142857
1574,86.534091
1575,88.141026
1576,72.456709
1577,50.032467
1578,63.391053
1579,82.818182
1580,70.098096
1581,73.932595
1582,73.534243
1583,56.436508
1584,61.889221
1585,53.081501
1586,81.651126
1587,70.734848
1588,68.504273
1589,95.909091
1590,61.821580
1591,71.966782
1592,79.318182
1593,71.335470
1594,92.166666
1595,90.555555
1596,67.888889
1597,62.599567
1598,70.790043
1599,57.853535
1600,72.697302
1601,53.769841
1602,78.469308
1603,69.264762
1604,67.105671
1605,67.638889
1606,63.131313
1607,75.464646
1608,75.216783
1609,70.720390
1610,67.936508
1611,68.813131
1612,72.089646
1613,68.588023
1614,68.888889
1615,73.284091
1616,57.212885
1617,58.299756
1618,77.380952
1619,89.242424
1620,79.797980
1621,72.307692
1622,68.299755
1623,84.523809
1624,61.029040
1625,88.035714
1626,70.432900
1627,70.528499
1628,80.023809
1629,71.944444
1630,67.051767
1631,92.380952
1632,73.438644
1633,66.550116
1634,76.575757
1635,83.772338
1636,76.826923
1637,74.348416
1638,87.500000
1639,76.666666
1640,70.750360
1641,59.331501
1642,97.500000
1643,88.766233
1644,81.226551
1645,92.166666
1646,71.097735
1647,76.361624
1648,68.712121
1649,84.057692
1650,74.155122
1651,89.871032
1652,65.126262
1653,85.357143
1654,82.307692
1655,72.655122
1656,67.222222
1657,69.512266
1658,78.888888
1659,57.555555
1660,63.671328
1661,79.641025
1662,76.645021
1663,82.307692
1664,62.638889
1665,76.027778
1666,83.055555
1667,87.797202
1668,73.750000
1669,67.318182
1670,68.564213
1671,79.020354
1672,75.424575
1673,40.064935
1674,74.659091
1675,81.464646
1676,64.486624
1677,67.555555
1678,77.797618
1679,59.520202
1680,69.907869
1681,87.500000
1682,70.353535
1683,64.570707
1684,64.325396
1685,65.131313
1686,86.196581
1687,59.329336
1688,84.372294
1689,64.797980
1690,74.621212
1691,75.270202
1692,75.641233
1693,86.607143
1694,72.927850
1695,77.984792
1696,82.159091
1697,81.363636
1698,60.316349
1699,70.931429
1700,72.069597
1701,77.222222
1702,68.888889
1703,85.720390
1704,82.777778
1705,76.607142
1706,80.487013
1707,69.675116
1708,77.857142
1709,69.381313
1710,77.409091
1711,67.045454
1712,74.166666
1713,81.506825
1714,93.766233
1715,68.304473
1716,84.125874
1717,69.594017
1718,74.722223
1719,77.500000
1720,81.840937
1721,74.547619
1722,86.675324
1723,90.000000
1724,68.095571
1725,89.007936
1726,91.818182
1727,84.053724
1728,72.178932
1729,55.159090
1730,57.908425
1731,76.134921
1732,71.984848
1733,66.474358
1734,54.772727
1735,85.000000
1736,72.985625
1737,73.170939
1738,86.818182
1739,79.615383
1740,63.964646
1741,78.888889
1742,76.275253
1743,62.204545
1744,58.501984
1745,66.266233
1746,72.070707
1747,81.996336
1748,80.625000
1749,70.659091
1750,94.000000
1751,80.543830
1752,70.155122
1753,69.873737
1754,70.194444
1755,59.714286
1756,86.071429
1757,86.350650
1758,82.380952
1759,73.383449
1760,62.373737
1761,68.815628
1762,82.083334
1763,68.297980
1764,77.575549
1765,85.879121
1766,77.454211
1767,44.305555
1768,49.381313
1769,68.567821
1770,81.416666
1771,69.006826
1772,73.214286
1773,86.818182
1774,66.692308
1775,68.214286
1776,72.050727
1777,56.161616
1778,75.934343
1779,75.333333
1780,48.845599
1781,87.659091
1782,81.818182
1783,89.689394
1784,79.255245
1785,73.966131
1786,66.875901
1787,78.901515
1788,69.808802
1789,52.333333
1790,68.210678
1791,67.655122
1792,58.381313
1793,65.750360
1794,79.418706
1795,81.212122
1796,78.050116
1797,62.142857
1798,85.716783
1799,67.222222
1800,69.141414
1801,87.857143
1802,81.047980
1803,57.634809
1804,81.837606
1805,80.000000
1806,87.909091
1807,71.269841
1808,73.750000
1809,84.974358
1810,83.214286
1811,84.025974
1812,77.524475
1813,71.178932
1814,56.186869
1815,58.560606
1816,74.883449
1817,78.095238
1818,68.762626
1819,77.500000
1820,77.397186
1821,94.242424
1822,73.577533
1823,72.519841
1824,72.075757
1825,81.196581
1826,76.903651
1827,55.137265
1828,65.290404
1829,62.396978
1830,83.402778
1831,62.979798
1832,49.008908
1833,62.662338
1834,68.817460
1835,66.765734
1836,76.234098
1837,79.817515
1838,71.750000
1839,78.944805
1840,80.909091
1841,80.125152
1842,71.685606
1843,77.932900
1844,82.238247
1845,82.857142
1846,64.776515
1847,66.742424
1848,71.057692
1849,81.555555
1850,66.575757
1851,67.380952
1852,79.393939
1853,76.661046
1854,73.000000
1855,76.075757
1856,54.050505
1857,66.474358
1858,63.721833
1859,86.508658
1860,79.797980
1861,72.006826
1862,78.290598
1863,83.690476
1864,76.393939
1865,84.258449
1866,68.512265
1867,72.301587
1868,69.929986
1869,80.714286
1870,68.457792
1871,79.047619
1872,65.607656
1873,74.949495
1874,85.757575
1875,79.595959
1876,86.421910
1877,74.580418
1878,76.666667
1879,84.840159
1880,76.666666
1881,72.929292
1882,74.255952
1883,54.510281
1884,68.206710
1885,78.742424
1886,74.000000
1887,71.269841
1888,63.285714
1889,73.212453
1890,80.075757
1891,75.311688
1892,84.242424
1893,92.500000
1894,65.466783
1895,85.002497
1896,69.126985
1897,68.888889
1898,65.432900
1899,77.694805
1900,68.787879
1901,66.196580
1902,66.428571
1903,77.575757
1904,65.865801
1905,90.000000
1906,76.623377
1907,74.510489
1908,82.057692
1909,65.727273
1910,73.712121
1911,73.531746
1912,79.902597
1913,85.139860
1914,71.193182
1915,80.741023
1916,75.411616
1917,78.012265
1918,76.984127
1919,70.538211
1920,72.248377
1921,72.380953
1922,80.909091
1923,75.409091
1924,86.474358
1925,74.166667
1926,69.278499
1927,75.340909
1928,75.050505
1929,64.797980
1930,68.545635
1931,67.657342
1932,46.969697
1933,64.653679
1934,64.886363
1935,81.731602
1936,77.575757
1937,94.807692
1938,70.000000
1939,81.623377
1940,64.445165
1941,70.786435
1942,84.166666
1943,83.055555
1944,74.408369
1945,65.575757
1946,62.777777
1947,74.159091
1948,91.666666
1949,63.315018
1950,63.482142
1951,89.797980
1952,75.235042
1953,68.111111
1954,80.540293
1955,74.909091
1956,73.097735
1957,60.491452
1958,76.746031
1959,66.686869
1960,80.016233
1961,38.632756
1962,71.567460
1963,84.188311
1964,83.750000
1965,74.529914
1966,62.004120
1967,62.968254
1968,96.666666
1969,68.216783
1970,83.888889
1971,86.523809
1972,69.797980
1973,82.777778
1974,63.500874
1975,62.768064
1976,64.408369
1977,94.659091
1978,89.832945
1979,78.776224
1980,64.116161
1981,77.532467
1982,60.069444
1983,84.641025
1984,82.367424
1985,67.863247
1986,59.696970
1987,72.887113
1988,85.664835
1989,73.710317
1990,77.857142
1991,87.916666
1992,69.277778
1993,64.407259
1994,76.534091
1995,75.075757
1996,77.863247
1997,81.464646
1998,78.216783
1999,48.974359
2000,76.746032
2001,78.555555
2002,64.960317
2003,70.359848
2004,82.605519
2005,84.615384
2006,54.421911
2007,82.474358
2008,70.263889
2009,56.699134
2010,75.799756
2011,91.831501
2012,88.263889
2013,70.846861
2014,65.863636
2015,84.027778
2016,65.363248
2017,72.929292
2018,63.236263
2019,58.488456
2020,55.069444
2021,71.369048
2022,64.678932
2023,88.216783
2024,92.807692
2025,71.857143
2026,74.166666
2027,78.053724
2028,51.075757
2029,79.909091
2030,67.702262
2031,54.589646
2032,59.512265
2033,58.323232
2034,64.327894
2035,76.710678
2036,91.818182
2037,65.108780
2038,76.843435
2039,62.188644
2040,71.714286
2041,66.313131
2042,71.746031
2043,71.690476
2044,67.156176
2045,66.742424
2046,69.797980
2047,68.896103
2048,59.772727
2049,69.401154
2050,82.500000
2051,61.045065
2052,79.946581
2053,65.292485
2054,83.888889
2055,83.290042
2056,79.797980
2057,84.357143
2058,82.123377
2059,66.623376
2060,58.556137
2061,90.909091
2062,68.655787
2063,87.727273
2064,92.575757
2065,69.148629
2066,81.857143
2067,87.800116
2068,79.166666
2069,80.909091
2070,69.172771
2071,69.807692
2072,85.555555
2073,77.242424
2074,64.222223
2075,91.409091
2076,85.565476
2077,80.474358
2078,81.659091
2079,73.678904
2080,77.159091
2081,72.648809
2082,66.969530
2083,72.029914
2084,82.182692
2085,65.881618
2086,55.757576
2087,71.291209
2088,82.383449
2089,78.257575
2090,64.008352
2091,62.641025
2092,63.071581
2093,62.505050
2094,78.232323
2095,80.000000
2096,71.631313
2097,64.085470
2098,62.337662
2099,49.064546
2100,64.561966
2101,76.130952
2102,82.777778
2103,77.402597
2104,73.480769
2105,62.013889
2106,60.993589
2107,84.888889
2108,69.697302
2109,78.290043
2110,69.626984
2111,78.696581
2112,84.388889
2113,82.297980
2114,77.766233
2115,80.547230
2116,79.318182
2117,54.711732
2118,75.416666
2119,73.134921
2120,56.568986
2121,70.156094
2122,80.597735
2123,80.714285
2124,79.166666
2125,72.272726
2126,75.749250
2127,72.297702
2128,69.540403
2129,52.252525
2130,40.182540
2131,46.962814
2132,84.797980
2133,62.696581
2134,71.994949
2135,64.199134
2136,86.523809
2137,72.715617
2138,72.089286
2139,68.076923
2140,72.333334
2141,70.303030
2142,72.297980
2143,77.230769
2144,83.409091
2145,70.075758
2146,78.096591
2147,63.716783
2148,87.184343
2149,57.413419
2150,71.742424
2151,78.428571
2152,84.857143
2153,68.787878
2154,83.409091
2155,72.638403
2156,64.924242
2157,83.750000
2158,71.881313
2159,76.168831
2160,59.646465
2161,73.769841
2162,69.381313
2163,79.444444
2164,63.315295
2165,79.529914
2166,83.412698
2167,76.222222
2168,83.839286
2169,81.474358
2170,85.454545
2171,75.953283
2172,72.965367
2173,63.769841
2174,78.888889
2175,66.818181
2176,83.547980
2177,77.234848
2178,73.138889
2179,77.676282
2180,70.710470
2181,85.192308
2182,88.750000
2183,85.138889
2184,62.430972
2185,69.884615
2186,83.008658
2187,69.080030
2188,73.051948
2189,82.575757
2190,84.085289
2191,70.089286
2192,74.570707
2193,59.724026
2194,70.763889
2195,79.318182
2196,85.000000
2197,70.555555
2198,70.757575
2199,69.880953
2200,80.432900
2201,91.190475
2202,79.107143
2203,75.224775
2204,64.201631
2205,66.131313
2206,74.044011
2207,73.888889
2208,70.984848
2209,73.138527
2210,66.000000
2211,79.603175
2212,78.696581
2213,70.416667
2214,75.747863
2215,73.207071
2216,85.625000
2217,62.929293
2218,63.722222
2219,64.823232
2220,67.367632
2221,77.384921
2222,82.863247
2223,66.976551
2224,91.923076
2225,65.631313
2226,90.909091
2227,67.550727
2228,76.196581
2229,63.021243
2230,62.401154
2231,86.666666
2232,86.425339
2233,57.490288
2234,77.735542
2235,71.825397
2236,72.916666
2237,66.843434
2238,56.156566
2239,80.484848
2240,75.085470
2241,67.105672
2242,77.819957
2243,55.573925
2244,74.272727
2245,67.077922
2246,78.822844
2247,56.865079
2248,76.382575
2249,78.819444
2250,88.216783
2251,73.125000
2252,83.421910
2253,78.560606
2254,86.341783
2255,86.464646
2256,83.132285
2257,76.464286
2258,58.532467
2259,69.355311
2260,68.585830
2261,80.837662
2262,60.746753
2263,73.339646
2264,67.939005
2265,79.807692
2266,81.266233
2267,75.972222
2268,71.282468
2269,42.790043
2270,77.277778
2271,75.555555
2272,79.702380
2273,88.241758
2274,95.164835
2275,70.147186
2276,76.040403
2277,86.388889
2278,61.515152
2279,72.758352
2280,78.214286
2281,75.762570
2282,83.787878
2283,68.279914
2284,83.797980
2285,84.797980
2286,88.333333
2287,62.557720
2288,58.970238
2289,74.603175
2290,66.631313
2291,74.137237
2292,66.213023
2293,68.521978
2294,87.023809
2295,87.099566
2296,83.409091
2297,73.409091
2298,80.790043
2299,51.222222
2300,75.934344
2301,60.863247
2302,73.123377
2303,77.450979
2304,70.803030
2305,71.647186
2306,70.555555
2307,69.743589
2308,61.277778
2309,70.404041
2310,77.051948
2311,67.325757
2312,72.103175
2313,73.097735
2314,58.492064
2315,65.214646
2316,89.000000
2317,83.766233
2318,59.135586
2319,92.857143
2320,90.909091
2321,65.428571
2322,81.560800
2323,82.992424
2324,71.190476
2325,77.606011
2326,67.730880
2327,66.866161
2328,58.401515
2329,67.683983
2330,71.529914
2331,87.222223
2332,88.021978
2333,72.575758
2334,69.499250
2335,80.833333
2336,53.067821
2337,84.123376
2338,53.525641
2339,77.960318
2340,79.378399
2341,95.909091
2342,64.284604
2343,80.454545
2344,67.264762
2345,65.322454
2346,59.723194
2347,70.742035
2348,85.909091
2349,88.409091
2350,78.593073
2351,59.699134
2352,83.409091
2353,84.454545
2354,59.047980
2355,85.238095
2356,92.692307
2357,62.348096
2358,71.504329
2359,86.155122
2360,69.086191
2361,85.259740
2362,81.904762
2363,85.075757
2364,55.428030
2365,71.471861
2366,71.532357
2367,48.647186
2368,79.922980
2369,46.454545
2370,85.422980
2371,76.555555
2372,85.357143
2373,62.368568
2374,75.714286
2375,90.939394
2376,75.695415
2377,79.480519
2378,76.421356
2379,86.250000
2380,60.571789
2381,67.916666
2382,72.623377
2383,82.879120
2384,60.458153
2385,68.014097
2386,67.234848
2387,81.071428
2388,72.353535
2389,75.638889
2390,80.318182
2391,68.607503
2392,74.486624
2393,81.388889
2394,84.307692
2395,75.166666
2396,75.707071
2397,54.761905
2398,74.123377
2399,65.771173
2400,72.490288
2401,60.589549
2402,70.972222
2403,76.672980
2404,78.490288
2405,65.562770
2406,73.290043
2407,83.869463
2408,71.831501
2409,71.613247
2410,80.235043
2411,70.209235
2412,78.557692
2413,68.076923
2414,82.099566
2415,80.508449
2416,80.214646
2417,85.853174
2418,86.607143
2419,71.474359
2420,66.286075
2421,68.075757
2422,72.105672
2423,89.053724
2424,81.471653
2425,93.888889
2426,67.936508
2427,73.599566
2428,65.272727
2429,55.716783
2430,87.857143
2431,72.380952
2432,78.777778
2433,68.046953
2434,79.473304
2435,68.494713
2436,88.939394
2437,68.564213
2438,71.058178
2439,85.681818
2440,65.994561
2441,77.045454
2442,70.707071
2443,85.182595
2444,73.333333
2445,77.638889
2446,83.484848
2447,76.442307
2448,72.141025
2449,71.863636
2450,75.714285
2451,77.307692
2452,76.893939
2453,77.500000
2454,70.259740
2455,73.484848
2456,79.250000
2457,59.355311
2458,75.353535
2459,72.638889
2460,71.341991
2461,95.714286
2462,74.218559
2463,73.055555
2464,59.903291
2465,86.696581
2466,70.961441
2467,72.722222
2468,78.542540
2469,69.745532
2470,79.220779
2471,85.484848
2472,86.057692
2473,75.897547
2474,78.976190
2475,65.103175
2476,75.363248
2477,80.792540
2478,81.269841
2479,69.288003
2480,73.119658
2481,89.166666
2482,76.052280
2483,68.270895
2484,86.966783
2485,64.545454
2486,75.378788
2487,65.419163
2488,53.492063
2489,44.610390
2490,58.030996
2491,87.051282
2492,63.603175
2493,58.320707
2494,77.364510
2495,64.337606
2496,72.484127
2497,71.033549
2498,77.105672
2499,82.023809
2500,67.894841
2501,73.248834
2502,75.698413
2503,73.845598
2504,81.788211
2505,60.628122
2506,76.532467
2507,94.409091
2508,69.186507
2509,56.538461
2510,68.841991
2511,63.042929
2512,65.409091
2513,71.297980
2514,77.532467
2515,78.482143
2516,59.962814
2517,59.108224
2518,82.045455
2519,73.526306
2520,87.708334
2521,85.909091
2522,76.272338
2523,66.699134
2524,62.487374
2525,62.619047
2526,66.630536
2527,76.825396
2528,78.686869
2529,43.991023
2530,65.386215
2531,78.084415
2532,78.380952
2533,83.531746
2534,69.808663
2535,68.821789
2536,62.474358
2537,81.964646
2538,58.379120
2539,62.056277
2540,73.173493
2541,82.083334
2542,78.597223
2543,82.159091
2544,81.246032
2545,69.545454
2546,67.371794
2547,89.242424
2548,74.047980
2549,61.986624
2550,67.075757
2551,66.353175
2552,83.161838
2553,46.111111
2554,66.056276
2555,73.492064
2556,81.080030
2557,67.055555
2558,84.807692
2559,70.746753
2560,75.841241
2561,71.603535
2562,84.688644
2563,87.023809
2564,56.269841
2565,76.984848
2566,82.105672
2567,95.909091
2568,76.746032
2569,85.075757
2570,66.313132
2571,71.875000
2572,66.206709
2573,69.343434
2574,77.127976
2575,76.089743
2576,75.833333
2577,79.278499
2578,83.571428
2579,81.833333
2580,74.722222
2581,79.393162
2582,58.596959
2583,70.342656
2584,74.729437
2585,52.728175
2586,70.934066
2587,65.835498
2588,63.220390
2589,64.166667
2590,80.151515
2591,74.273504
2592,67.675324
2593,68.845599
2594,68.088023
2595,80.555555
2596,61.071428
2597,69.560606
2598,67.099566
2599,85.512265
2600,63.438644
2601,64.480519
2602,80.779914
2603,83.378788
2604,82.337662
2605,73.564005
2606,72.075757
2607,60.871794
2608,66.875000
2609,68.762626
2610,68.686868
2611,62.921356
2612,73.131313
2613,89.034091
2614,79.242424
2615,70.988456
2616,57.319957
2617,75.714285
2618,69.047619
2619,63.434676
2620,83.383449
2621,67.358197
2622,55.707071
2623,85.963203
2624,62.508658
2625,66.540404
2626,73.358974
2627,78.883450
2628,92.000000
2629,78.280885
2630,69.166666
2631,80.032467
2632,66.950757
2633,75.176768
2634,81.207071
2635,76.137265
2636,83.696581
2637,68.643579
2638,80.555555
2639,85.974358
2640,75.707070
2641,59.015151
2642,65.490196
2643,69.926740
2644,70.402930
2645,69.753302
2646,67.777778
2647,73.409091
2648,72.278554
2649,62.833333
2650,74.350649
2651,79.401154
2652,87.494172
2653,62.436869
2654,80.555556
2655,82.029914
2656,83.731060
2657,84.242424
2658,68.591686
2659,71.277778
2660,60.623376
2661,79.962814
2662,78.369963
2663,69.166666
2664,83.000000
2665,53.884518
2666,84.883449
2667,73.030302
2668,72.841783
2669,71.752136
2670,80.988455
2671,78.484848
2672,70.638889
2673,83.021978
2674,61.082972
2675,71.111111
2676,75.516025
2677,66.742424
2678,72.466422
2679,70.151514
2680,77.500000
2681,75.657259
2682,95.500000
2683,73.125000
2684,78.084693
2685,57.631313
2686,77.992785
2687,72.954545
2688,68.630952
2689,73.438644
2690,84.675324
2691,65.425408
2692,75.934343
2693,81.269841
2694,92.500000
2695,79.242424
2696,68.339646
2697,70.143939
2698,79.123377
2699,71.910867
2700,80.286325
2701,73.095959
2702,83.519813
2703,78.577533
2704,77.996032
2705,76.301407
2706,87.708333
2707,65.182595
2708,58.611111
2709,93.974358
2710,85.416666
2711,50.941558
2712,86.071429
2713,70.772006
2714,74.621212
2715,97.272727
2716,87.655122
2717,59.479798
2718,67.520201
2719,84.748376
2720,76.269841
2721,56.819957
2722,75.749250
2723,68.214286
2724,78.690476
2725,83.035714
2726,71.629481
2727,79.047619
2728,78.869464
2729,88.690476
2730,76.821789
2731,74.264762
2732,74.797980
2733,81.147186
2734,82.532467
2735,64.801587
2736,78.166666
2737,83.216783
2738,38.226010
2739,81.534091
2740,79.761905
2741,70.427350
2742,45.656566
2743,77.714646
2744,59.353535
2745,84.331501
2746,75.409091
2747,78.787879
2748,79.589646
2749,69.451659
2750,67.472527
2751,83.216782
2752,73.849207
2753,81.141025
2754,77.863247
2755,69.786325
2756,78.696581
2757,61.785867
2758,73.623377
2759,76.306471
2760,74.126984
2761,76.948717
2762,74.464286
2763,75.722222
2764,83.162393
2765,69.252137
2766,92.083334
2767,67.879273
2768,100.000000
2769,78.492064
2770,70.334596
2771,80.198412
2772,59.675324
2773,67.727272
2774,68.891053
2775,64.357323
2776,82.835497
2777,77.119408
2778,79.659091
2779,82.857143
2780,74.722222
2781,75.774781
2782,64.466783
2783,72.833333
2784,72.575757
2785,68.560605
2786,60.266233
2787,87.916666
2788,77.708334
2789,87.500000
2790,79.242424
2791,79.599566
2792,55.247863
2793,78.141025
2794,84.123377
2795,94.615384
2796,66.904762
2797,68.591686
2798,72.440837
2799,81.388889
2800,77.234848
2801,72.051282
2802,64.935897
2803,75.857142
2804,64.126983
2805,78.797980
2806,59.105671
2807,50.993035
2808,62.268009
2809,56.590909
2810,73.422619
2811,69.313464
2812,82.664835
2813,60.912698
2814,75.912698
2815,71.055556
2816,57.000360
2817,88.966783
2818,73.226495
2819,73.590909
2820,76.805555
2821,71.742424
2822,85.833333
2823,82.222223
2824,71.818182
2825,69.565989
2826,70.582071
2827,70.062937
2828,76.272338
2829,61.797980
2830,82.893939
2831,67.099566
2832,48.693181
2833,60.363858
2834,73.097735
2835,82.272727
2836,53.012265
2837,86.666666
2838,76.272338
2839,75.666666
2840,81.421356
2841,51.290654
2842,85.716783
2843,65.347222
2844,68.750000
2845,67.148961
2846,77.105672
2847,60.694444
2848,72.178932
2849,81.464646
2850,75.714286
2851,75.984848
2852,69.678932
2853,60.795454
2854,78.662698
2855,63.260073
2856,68.021978
2857,61.875513
2858,68.349567
2859,82.297980
2860,64.569805
2861,58.297980
2862,43.497308
2863,63.714646
2864,75.837912
2865,79.258449
2866,77.391636
2867,49.004329
2868,88.333333
2869,68.371905
2870,71.348096
2871,77.532467
2872,70.125874
2873,66.353535
2874,77.222222
2875,77.777777
2876,83.131313
2877,47.880952
2878,95.000000
2879,83.585470
2880,72.915403
2881,74.343434
2882,88.974358
2883,75.623377
2884,90.909091
2885,77.916666
2886,84.797980
2887,85.707071
2888,78.409091
2889,67.032467
2890,80.021978
2891,84.407258
2892,64.959207
2893,84.325757
2894,63.318181
2895,80.555555
2896,71.749139
2897,83.693182
2898,68.760683
2899,88.974358
2900,76.333333
2901,60.038780
2902,72.992424
2903,87.045454
2904,78.469308
2905,70.947552
2906,73.853535
2907,81.236263
2908,74.964646
2909,66.893939
2910,74.797979
2911,77.222222
2912,71.932900
2913,75.505952
2914,59.289738
2915,77.936507
2916,80.631313
2917,78.223484
2918,69.956710
2919,71.702741
2920,77.048284
2921,73.141025
2922,83.825757
2923,87.878788
2924,68.686869
2925,81.550116
2926,59.371795
2927,91.666666
2928,74.946581
2929,66.208333
2930,68.088023
2931,76.262626
2932,59.583749
2933,71.710373
2934,68.690476
2935,80.833333
2936,77.924575
2937,65.554778
2938,83.642857
2939,65.694444
2940,56.464647
2941,84.177489
2942,80.581501
2943,90.000000
2944,75.634921
2945,95.000000
2946,67.138889
2947,64.714286
2948,75.432900
2949,91.428571
2950,78.431818
2951,86.433566
2952,70.224358
2953,75.055555
2954,68.696581
2955,73.712121
2956,69.093406
2957,84.432235
2958,67.821581
2959,75.855672
2960,76.057692
2961,58.587662
2962,70.212121
2963,63.696581
2964,73.571428
2965,69.047619
2966,63.696581
2967,63.437742
2968,85.833333
2969,73.217893
2970,77.564102
2971,84.734848
2972,72.819957
2973,65.206321
2974,71.269841
2975,91.272727
2976,75.555555
2977,76.166667
2978,72.478354
2979,69.595959
2980,78.666666
2981,62.095959
2982,78.686869
2983,64.966422
2984,66.212120
2985,93.216783
2986,88.888889
2987,62.830447
2988,75.722222
2989,77.878788
2990,58.107447
2991,84.047619
2992,80.075757
2993,70.670996
2994,56.060606
2995,72.158730
2996,77.500000
2997,71.267066
2998,64.883450
2999,68.055556
3000,81.388889
3001,63.769841
3002,75.909091
3003,73.267288
3004,67.178932
3005,71.529914
3006,82.828283
3007,84.353147
3008,47.684885
3009,78.216783
3010,72.681068
3011,74.603174
3012,88.974358
3013,70.896880
3014,62.637363
3015,77.532467
3016,47.581501
3017,72.178932
3018,80.707071
3019,81.625874
3020,91.923076
3021,89.358974
3022,67.665043
3023,88.263889
3024,64.964646
3025,58.030303
3026,66.346986
3027,80.988456
3028,74.805195
3029,71.123738
3030,73.730519
3031,89.500000
3032,86.659091
3033,90.833333
3034,74.540043
3035,75.508657
3036,49.817460
3037,73.246753
3038,70.512265
3039,93.333333
3040,80.356061
3041,68.650793
3042,62.083333
3043,69.797980
3044,67.638889
3045,76.349206
3046,69.047619
3047,75.214646
3048,73.446651
3049,54.152930
3050,72.393162
3051,68.249999
3052,72.759740
3053,79.480519
3054,75.641026
3055,79.166666
3056,73.263889
3057,76.515151
3058,75.214646
3059,79.909091
3060,85.555555
3061,68.897158
3062,80.716783
3063,84.331501
3064,74.448052
3065,76.753246
3066,71.989121
3067,77.232142
3068,67.045455
3069,64.734848
3070,73.736263
3071,76.835317
3072,69.696637
3073,79.880952
3074,56.666666
3075,82.099567
3076,78.353175
3077,86.666666
3078,77.736014
3079,76.126984
3080,75.631313
3081,86.534091
3082,69.639860
3083,76.916666
3084,66.392045
3085,69.603175
3086,64.177489
3087,81.010101
3088,72.964646
3089,86.666666
3090,74.242424
3091,62.369408
3092,79.655122
3093,84.690476
3094,90.492424
3095,64.534965
3096,33.691239
3097,71.769841
3098,65.057692
3099,77.456710
3100,71.464646
3101,62.728174
3102,66.388889
3103,90.000000
3104,78.138889
3105,72.913752
3106,63.939394
3107,82.714286
3108,86.196581
3109,73.174603
3110,89.797980
3111,68.391053
3112,76.944444
3113,60.666666
3114,66.133449
3115,54.444444
3116,62.067821
3117,93.974358
3118,60.512265
3119,52.853535
3120,69.480519
3121,66.910866
3122,86.439394
3123,50.151515
3124,50.073260
3125,65.303031
3126,91.666666
3127,57.857143
3128,68.511904
3129,77.297979
3130,64.924936
3131,64.179986
3132,51.893939
3133,74.880952
3134,73.630952
3135,82.388889
3136,66.287878
3137,69.480519
3138,79.278499
3139,65.250304
3140,51.762265
3141,76.724386
3142,74.691141
3143,69.016538
3144,83.557692
3145,75.521978
3146,77.381313
3147,81.242424
3148,82.380952
3149,85.909091
3150,91.190475
3151,66.666666
3152,95.500000
3153,88.216783
3154,77.929293
3155,93.974358
3156,90.714285
3157,75.707071
3158,70.568182
3159,73.787878
3160,57.070707
3161,63.560605
3162,54.199134
3163,73.742424
3164,84.372294
3165,65.482295
3166,52.863247
3167,87.500000
3168,82.884615
3169,89.166666
3170,62.606838
3171,84.542540
3172,67.481963
3173,83.791875
3174,63.466783
3175,78.349358
3176,92.857143
3177,69.369658
3178,84.388889
3179,61.144841
3180,78.573925
3181,76.060606
3182,62.097680
3183,86.515152
3184,81.282050
3185,68.214286
3186,64.760794
3187,64.599566
3188,56.454545
3189,57.466422
3190,51.914683
3191,77.538572
3192,60.349928
3193,78.097735
3194,62.790043
3195,77.932900
3196,59.960317
3197,70.539044
3198,89.909091
3199,72.888889
3200,63.272283
3201,45.263139
3202,78.290043
3203,81.325757
3204,76.401514
3205,76.704545
3206,87.700757
3207,67.222222
3208,54.602757
3209,83.055555
3210,56.037129
3211,62.936508
3212,86.048951
3213,89.797980
3214,88.493589
3215,77.373737
3216,67.970085
3217,67.947552
3218,90.555555
3219,68.279220
3220,61.111111
3221,69.543234
3222,80.227272
3223,62.859640
3224,59.185606
3225,80.151515
3226,77.666666
3227,73.912698
3228,70.714286
3229,71.837814
3230,67.777778
3231,69.242423
3232,85.139860
3233,78.656898
3234,95.164835
3235,74.716116
3236,73.119658
3237,81.923076
3238,73.355672
3239,76.510988
3240,64.131617
3241,84.318182
3242,56.700549
3243,77.756409
3244,74.464286
3245,75.641025
3246,87.797619
3247,67.307692
3248,72.837994
3249,88.557692
3250,58.291819
3251,82.045454
3252,70.586080
3253,71.341991
3254,63.865080
3255,75.854146
3256,74.645354
3257,75.641025
3258,73.103174
3259,87.105672
3260,69.575980
3261,64.411325
3262,81.388889
3263,78.484849
3264,71.250000
3265,74.526515
3266,69.480519
3267,61.932900
3268,81.551947
3269,74.318182
3270,56.389860
3271,58.038211
3272,76.625874
3273,71.117424
3274,90.909091
3275,83.888889
3276,84.285714
3277,79.084415
3278,74.818181
3279,79.004329
3280,69.641233
3281,67.785714
3282,74.466783
3283,78.833334
3284,54.407259
3285,88.716783
3286,85.075757
3287,75.742424
3288,72.055555
3289,88.531746
3290,76.409091
3291,75.849567
3292,84.603174
3293,81.216783
3294,71.410255
3295,86.818182
3296,60.663363
3297,81.166666
3298,70.819957
3299,88.857808
3300,81.196581
3301,57.188644
3302,70.506994
3303,86.777597
3304,72.895021
3305,83.776223
3306,66.907258
3307,54.252136
3308,79.821428
3309,88.888889
3310,80.773809
3311,93.888889
3312,69.341991
3313,75.707070
3314,72.976190
3315,84.028749
3316,66.575757
3317,85.195707
3318,60.833334
3319,67.579365
3320,79.090909
3321,64.797979
3322,72.348484
3323,78.912698
3324,55.822510
3325,91.818182
3326,83.290043
3327,64.979048
3328,78.931068
3329,84.139610
3330,85.909091
3331,83.055555
3332,63.560606
3333,78.409091
3334,84.321789
3335,70.290043
3336,87.575757
3337,70.290404
3338,84.797980
3339,65.436092
3340,68.989621
3341,86.666666
3342,84.722223
3343,95.909091
3344,69.440476
3345,77.500000
3346,75.418803
3347,60.294705
3348,67.039044
3349,62.819957
3350,69.862915
3351,83.055555
3352,75.353535
3353,65.746753
3354,82.222223
3355,76.000874
3356,76.893939
3357,78.727272
3358,54.871031
3359,71.083694
3360,87.575757
3361,89.883449
3362,74.727718
3363,38.174603
3364,69.540043
3365,85.268064
3366,91.698717
3367,69.409091
3368,80.505952
3369,75.089285
3370,77.575757
3371,80.714286
3372,65.909090
3373,71.421356
3374,74.540043
3375,64.625000
3376,64.218559
3377,79.299033
3378,75.227272
3379,79.603175
3380,88.216783
3381,93.666666
3382,85.909091
3383,81.147186
3384,66.453824
3385,88.638861
3386,81.196581
3387,80.714286
3388,80.705128
3389,76.325757
3390,61.458333
3391,70.555556
3392,82.857143
3393,63.541666
3394,73.623737
3395,79.242424
3396,53.246697
3397,90.000000
3398,59.797980
3399,74.956709
3400,70.623377
3401,78.204573
3402,76.910867
3403,73.261364
3404,83.587662
3405,76.222222
3406,75.963202
3407,80.421911
3408,69.471182
3409,70.131313
3410,85.432900
3411,73.282828
3412,86.242424
3413,54.797980
3414,69.603174
3415,74.191919
3416,77.387057
3417,74.529914
3418,72.105671
3419,45.704365
3420,85.284091
3421,88.888889
3422,86.730769
3423,82.013889
3424,78.888889
3425,80.909091
3426,68.722527
3427,70.165043
3428,84.766233
3429,57.948717
3430,83.409091
3431,73.686869
3432,84.242424
3433,81.200757
3434,61.889610
3435,73.036616
3436,68.825757
3437,63.388889
3438,82.922980
3439,59.091685
3440,54.251026
3441,60.417360
3442,52.653291
3443,91.038961
3444,57.428571
3445,76.420939
3446,67.333333
3447,60.095960
3448,63.931068
3449,64.090909
3450,63.086080
3451,83.825757
3452,86.355310
3453,71.270562
3454,59.691141
3455,75.909091
3456,68.988095
3457,63.134920
3458,73.630647
3459,70.214646
3460,73.061869
3461,74.675324
3462,72.089646
3463,84.212453
3464,71.550116
3465,89.515485
3466,60.998016
3467,81.615384
3468,71.950757
3469,80.000000
3470,80.707071
3471,74.601010
3472,73.088023
3473,77.460318
3474,57.330447
3475,55.034091
3476,75.538211
3477,73.888889
3478,92.500000
3479,88.181818
3480,85.075757
3481,82.575757
3482,72.860722
3483,74.848484
3484,80.909091
3485,77.383449
3486,72.992424
3487,69.761905
3488,72.624042
3489,100.000000
3490,68.024475
3491,82.297980
3492,80.069263
3493,90.888889
3494,81.742424
3495,67.105672
3496,74.388889
3497,88.888889
3498,87.913752
3499,54.529914
3500,69.194055
3501,65.994561
3502,75.363247
3503,55.045996
3504,77.175324
3505,77.020202
3506,90.909091
3507,72.784091
3508,85.599566
3509,71.388889
3510,69.893162
3511,64.797979
3512,48.964646
3513,74.267677
3514,76.186869
3515,73.227273
3516,68.737374
3517,56.401515
3518,65.919913
3519,83.888889
3520,74.262265
3521,95.000000
3522,80.909090
3523,63.131313
3524,79.693182
3525,72.056276
3526,84.428904
3527,58.333333
3528,73.021978
3529,73.611111
3530,66.934732
3531,79.722222
3532,67.242064
3533,79.880952
3534,71.132478
3535,58.795483
3536,80.858586
3537,78.964646
3538,74.358586
3539,64.331501
3540,76.605672
3541,63.214286
3542,83.484848
3543,73.855310
3544,82.979798
3545,72.833333
3546,75.165043
3547,84.285714
3548,74.343433
3549,67.365412
3550,66.818181
3551,62.351398
3552,84.529914
3553,66.762626
3554,86.818182
3555,72.351190
3556,55.647186
3557,60.404914
3558,89.166666
3559,71.857143
3560,80.000000
3561,76.103895
3562,88.974358
3563,84.797980
3564,79.700299
3565,77.661227
3566,44.289044
3567,74.893162
3568,62.693000
3569,72.333333
3570,67.909091
3571,60.811480
3572,83.349567
3573,72.613247
3574,71.819957
3575,86.666667
3576,81.950757
3577,49.397436
3578,85.909091
3579,79.959207
3580,72.444444
3581,70.546452
3582,60.925116
3583,57.573925
3584,69.638278
3585,67.301587
3586,83.452380
3587,59.624542
3588,76.348096
3589,82.960373
3590,77.297980
3591,79.595959
3592,75.852272
3593,55.551587
3594,78.650793
3595,74.647436
3596,76.616161
3597,66.109168
3598,79.199134
3599,61.232323
3600,78.514762
3601,51.174658
3602,44.807692
3603,81.750000
3604,79.797979
3605,63.797980
3606,70.244199
3607,74.047618
3608,68.934676
3609,74.897186
3610,61.825757
3611,64.004329
3612,82.021977
3613,73.207071
3614,76.818181
3615,73.409090
3616,72.819957
3617,67.022338
3618,78.290043
3619,87.727272
3620,76.666666
3621,75.651154
3622,63.380952
3623,85.416666
3624,73.974358
3625,85.205128
3626,65.066044
3627,87.380952
3628,78.636363
3629,64.847375
3630,70.224359
3631,61.147186
3632,70.405427
3633,69.006826
3634,83.216783
3635,73.715617
3636,66.838023
3637,88.412698
3638,56.659451
3639,87.555555
3640,80.714286
3641,80.768468
3642,82.768065
3643,67.727272
3644,71.428571
3645,82.234848
3646,66.623377
3647,67.803030
3648,85.766233
3649,74.722222
3650,75.631313
3651,72.453102
3652,68.181818
3653,79.603175
3654,69.410867
3655,52.478355
3656,77.959207
3657,75.909091
3658,70.833333
3659,82.138889
3660,66.742424
3661,79.255952
3662,63.051948
3663,55.777778
3664,78.964646
3665,79.009323
3666,72.119408
3667,64.413364
3668,73.220390
3669,69.570707
3670,83.888889
3671,83.575757
3672,81.550116
3673,58.295454
3674,69.862638
3675,78.630952
3676,66.688644
3677,67.029914
3678,82.727272
3679,85.707071
3680,79.880952
3681,73.888889
3682,72.307692
3683,82.907648
3684,76.818182
3685,70.958486
3686,74.486624
3687,62.575757
3688,80.833333
3689,74.684344
3690,84.315683
3691,68.198468
3692,61.111111
3693,75.964646
3694,75.166666
3695,78.690476
3696,80.634921
3697,79.916666
3698,85.641026
3699,72.041569
3700,75.353535
3701,67.479798
3702,83.928571
3703,89.857143
3704,62.651515
3705,77.103175
3706,81.666666
3707,74.196581
3708,70.658022
3709,71.319347
3710,82.978688
3711,66.748918
3712,74.466783
3713,74.047619
3714,78.577533
3715,75.792540
3716,87.307692
3717,66.103175
3718,70.139860
3719,85.524475
3720,79.409091
3721,70.277778
3722,71.676587
3723,81.293705
3724,80.388889
3725,70.224358
3726,84.300698
3727,87.863247
3728,64.325397
3729,61.652126
3730,52.655844
3731,88.095238
3732,83.696581
3733,70.648629
3734,77.601010
3735,61.995726
3736,71.623377
3737,84.688644
3738,79.659091
3739,69.067460
3740,77.288211
3741,73.277389
3742,70.079364
3743,63.390776
3744,75.277778
3745,67.060606
3746,82.217949
3747,73.409090
3748,63.873737
3749,72.023809
3750,63.855311
3751,58.365801
3752,80.779914
3753,81.055555
3754,83.716783
3755,71.226551
3756,59.764401
3757,81.270895
3758,69.448925
3759,64.336081
3760,81.742424
3761,67.880452
3762,84.688644
3763,70.759740
3764,75.958334
3765,78.313853
3766,80.521978
3767,62.932595
3768,73.836441
3769,72.044011
3770,73.468406
3771,66.976912
3772,47.020201
3773,70.409090
3774,80.925324
3775,74.752747
3776,53.608197
3777,75.695415
3778,81.111111
3779,75.357143
3780,91.666666
3781,47.924298
3782,73.776224
3783,62.103175
3784,63.762626
3785,89.166666
3786,67.070707
3787,76.818182
3788,83.807692
3789,61.302308
3790,70.909091
3791,74.760794
3792,48.726551
3793,76.388889
3794,75.916666
3795,69.605672
3796,83.214285
3797,68.952991
3798,79.067460
3799,69.826389
3800,74.883449
3801,78.772338
3802,69.466783
3803,53.606061
3804,83.409091
3805,75.508449
3806,88.333333
3807,70.164835
3808,53.557692
3809,60.139859
3810,77.630952
3811,77.575758
3812,81.625874
3813,65.467033
3814,68.981643
3815,69.125874
3816,54.764401
3817,82.727272
3818,89.797980
3819,80.194805
3820,82.229437
3821,69.371212
3822,62.575758
3823,87.575757
3824,85.555555
3825,84.246032
3826,59.611111
3827,72.948717
3828,70.310245
3829,73.464646
3830,77.103175
3831,69.393939
3832,76.901515
3833,69.363968
3834,67.302253
3835,64.758297
3836,71.974358
3837,72.651515
3838,74.500000
3839,75.631313
3840,78.441558
3841,82.800116
3842,59.599567
3843,73.220390
3844,79.575757
3845,86.190476
3846,55.174756
3847,88.750000
3848,78.005744
3849,85.555555
3850,81.325757
3851,79.775849
3852,68.536130
3853,79.047619
3854,90.142857
3855,77.464286
3856,66.336441
3857,75.993589
3858,97.307692
3859,94.047619
3860,88.888889
3861,49.794372
3862,73.888889
3863,77.175324
3864,75.555555
3865,81.748528
3866,86.593406
3867,72.083333
3868,62.859848
3869,71.944444
3870,61.688644
3871,77.301587
3872,68.666819
3873,80.353535
3874,89.053724
3875,40.907870
3876,65.947552
3877,71.772186
3878,73.637849
3879,75.840909
3880,76.133449
3881,70.647338
3882,50.707071
3883,65.515873
3884,90.416666
3885,75.019841
3886,58.617424
3887,78.131313
3888,73.082071
3889,76.260683
3890,72.251984
3891,81.474358
3892,75.375874
3893,42.469698
3894,63.936869
3895,91.038961
3896,70.023310
3897,71.147186
3898,72.252567
3899,76.849261
3900,86.655844
3901,81.130952
3902,79.154041
3903,78.131313
3904,72.050116
3905,71.373834
3906,68.028499
3907,74.818182
3908,86.388889
3909,70.277389
3910,84.037212
3911,79.603174
3912,78.666666
3913,66.666666
3914,72.234848
3915,76.421356
3916,78.318182
3917,82.504329
3918,74.752747
3919,71.186869
3920,75.489510
3921,72.029914
3922,72.443182
3923,56.120823
3924,66.848484
3925,56.553724
3926,89.375000
3927,58.647186
3928,81.752136
3929,75.512265
3930,75.512265
3931,74.722222
3932,67.436507
3933,59.063187
3934,68.232323
3935,72.330447
3936,87.000000
3937,71.850650
3938,72.520812
3939,74.603175
3940,66.623377
3941,58.681429
3942,77.777778
3943,82.996032
3944,67.197191
3945,74.797980
3946,78.290043
3947,77.103175
3948,72.380952
3949,68.008241
3950,52.244047
3951,65.476190
3952,77.909091
3953,57.978896
3954,86.266233
3955,87.800324
3956,77.318181
3957,68.270202
3958,83.686869
3959,83.931068
3960,67.936508
3961,75.277778
3962,77.310606
3963,76.760101
3964,94.791666
3965,76.262626
3966,79.353146
3967,53.802308
3968,67.949134
3969,86.388889
3970,76.907258
3971,68.986014
3972,78.888889
3973,75.232323
3974,62.074536
3975,73.484848
3976,80.641025
3977,83.883449
3978,78.325757
3979,86.025640
3980,74.873737
3981,83.484848
3982,66.955128
3983,59.635642
3984,62.234431
3985,73.964646
3986,85.707071
3987,57.456502
3988,78.131313
3989,61.219336
3990,66.103687
3991,88.216783
3992,58.592796
3993,77.020202
3994,88.484848
3995,51.448828
3996,78.833333
3997,72.301198
3998,83.274475
3999,61.881313
4000,62.424242
4001,73.888889
4002,66.762265
4003,80.512265
4004,85.333333
4005,82.605672
4006,71.388889
4007,77.353535
4008,61.623932
4009,73.388889
4010,86.623377
4011,87.117647
4012,83.928571
4013,78.100232
4014,74.691141
4015,78.011363
4016,91.623376
4017,77.500000
4018,73.722943
4019,61.863247
4020,80.696581
4021,55.966810
4022,65.036740
4023,83.409091
4024,67.172619
4025,68.772338
4026,60.880681
4027,85.404041
4028,92.500000
4029,81.611721
4030,71.623377
4031,76.821789
4032,85.404041
4033,66.666667
4034,51.607351
4035,78.068182
4036,79.558773
4037,78.888889
4038,56.421356
4039,66.119712
4040,83.797980
4041,69.057720
4042,57.829669
4043,73.591686
4044,76.652930
4045,80.555556
4046,60.678932
4047,85.075757
4048,47.861111
4049,63.769841
4050,63.152680
4051,62.993395
4052,67.297980
4053,78.750000
4054,81.133449
4055,72.916666
4056,80.512265
4057,76.888889
4058,84.480519
4059,87.288961
4060,93.888889
4061,52.784091
4062,79.318182
4063,79.797980
4064,82.575757
4065,71.134921
4066,59.787878
4067,82.297980
4068,69.476911
4069,74.221056
4070,55.213119
4071,88.452380
4072,77.992424
4073,60.726551
4074,71.742424
4075,67.525252
4076,84.603175
4077,76.196581
4078,75.909091
4079,56.805556
4080,81.742424
4081,59.480519
4082,81.328117
4083,81.666666
4084,82.575757
4085,69.361471
4086,68.105672
4087,75.224775
4088,77.070707
4089,80.138889
4090,41.856060
4091,75.016025
4092,77.516233
4093,72.159090
4094,73.979798
4095,69.285714
4096,73.382284
4097,69.410867
4098,81.097735
4099,83.888889
4100,81.616161
4101,88.484848
4102,78.631313
4103,71.983016
4104,70.625207
4105,75.209235
4106,82.075757
4107,68.626984
4108,70.534964
4109,72.327533
4110,83.797980
4111,83.297980
4112,90.716783
4113,67.162698
4114,85.416666
4115,85.410257
4116,63.173493
4117,60.964646
4118,84.125874
4119,78.273809
4120,57.139249
4121,91.666666
4122,87.605311
4123,63.989899
4124,77.835497
4125,77.532050
4126,67.380953
4127,78.409091
4128,83.466783
4129,80.737373
4130,77.089646
4131,49.797980
4132,71.077533
4133,97.307692
4134,76.388889
4135,74.277389
4136,75.530303
4137,82.383449
4138,66.912698
4139,74.166667
4140,80.448718
4141,80.846653
4142,85.075757
4143,78.190476
4144,78.888889
4145,80.839646
4146,85.029914
4147,86.464646
4148,78.115384
4149,81.777390
4150,68.818182
4151,71.818182
4152,71.272338
4153,79.603175
4154,90.284091
4155,64.131313
4156,90.641025
4157,83.617424
4158,81.807692
4159,84.444444
4160,64.797980
4161,45.956349
4162,72.908497
4163,83.333333
4164,81.313131
4165,70.833333
4166,63.055555
4167,65.512265
4168,77.234848
4169,41.547619
4170,77.680098
4171,67.769841
4172,66.297980
4173,78.863636
4174,88.170163
4175,85.982143
4176,70.036074
4177,74.034091
4178,59.994561
4179,62.713120
4180,85.034964
4181,72.297980
4182,71.603175
4183,81.805555
4184,79.343434
4185,89.166666
4186,58.494561
4187,68.631313
4188,57.960373
4189,70.297410
4190,73.454878
4191,85.555555
4192,70.127649
4193,79.166666
4194,83.977272
4195,79.412698
4196,95.164835
4197,64.123376
4198,67.722222
4199,75.912698
4200,69.199133
4201,79.529914
4202,84.603175
4203,84.407258
4204,78.672439
4205,70.984848
4206,92.857143
4207,85.085470
4208,85.135975
4209,91.250000
4210,71.010101
4211,70.277778
4212,74.388889
4213,79.603175
4214,62.765152
4215,67.105672
4216,77.370130
4217,77.534964
4218,51.971861
4219,62.321428
4220,79.659091
4221,63.845599
4222,63.290043
4223,85.521977
4224,55.409091
4225,86.818182
4226,55.734127
4227,60.976191
4228,56.843434
4229,72.380952
4230,79.510490
4231,64.393940
4232,79.807692
4233,77.323717
4234,67.577533
4235,86.540126
4236,78.797980
4237,75.317460
4238,71.012265
4239,60.700577
4240,62.734488
4241,88.557692
4242,89.603174
4243,55.702075
4244,73.978175
4245,64.508658
4246,79.784091
4247,73.896103
4248,61.840159
4249,80.075757
4250,69.040404
4251,74.107143
4252,80.125208
4253,74.744561
4254,69.956710
4255,45.331613
4256,73.766233
4257,60.562840
4258,73.333333
4259,49.439005
4260,90.000000
4261,62.333333
4262,77.188644
4263,70.428904
4264,78.492424
4265,72.601010
4266,75.375874
4267,66.464646
4268,58.131313
4269,71.742424
4270,73.729048
4271,62.181818
4272,73.369408
4273,80.714286
4274,87.115384
4275,72.297980
4276,79.480519
4277,83.075757
4278,60.172952
4279,47.056276
4280,82.833333
4281,70.416666
4282,69.549755
4283,75.047619
4284,61.071428
4285,62.245532
4286,78.222222
4287,73.707071
4288,86.666666
4289,76.881313
4290,81.623376
4291,61.474025
4292,85.909091
4293,54.873737
4294,71.047979
4295,74.207071
4296,70.300116
4297,58.482174
4298,64.109848
4299,62.500000
4300,59.797980
4301,72.777778
4302,81.818182
4303,66.973304
4304,79.321789
4305,61.940837
4306,65.992064
4307,77.575757
4308,84.242424
4309,61.382784
4310,80.353535
4311,47.683261
4312,75.792540
4313,67.456710
4314,95.909091
4315,84.372293
4316,67.888889
4317,76.386945
4318,75.790043
4319,57.443598
4320,68.964646
4321,86.682692
4322,70.186480
4323,85.498168
4324,68.726551
4325,79.380952
4326,45.762626
4327,88.141025
4328,95.714286
4329,95.909091
4330,88.571429
4331,67.103175
4332,61.706709
4333,70.036074
4334,62.449495
4335,66.611166
4336,54.672619
4337,69.393939
4338,77.803724
4339,56.325758
4340,71.147186
4341,77.083333
4342,66.047619
4343,70.836941
4344,69.166667
4345,82.413419
4346,52.774892
4347,70.707070
4348,73.571428
4349,75.922410
4350,65.710678
4351,81.550116
4352,61.276515
4353,83.131313
4354,79.691141
4355,77.252747
4356,50.079365
4357,77.932900
4358,84.599567
4359,67.435828
4360,78.571428
4361,65.988247
4362,100.000000
4363,86.742424
4364,76.884921
4365,76.060606
4366,77.686480
4367,76.196581
4368,75.240592
4369,61.579545
4370,72.194957
4371,82.238095
4372,95.000000
4373,79.707071
4374,63.863636
4375,62.165403
4376,49.480797
4377,70.664834
4378,63.014762
4379,71.910867
4380,68.494561
4381,43.762626
4382,62.571428
4383,85.000000
4384,80.555556
4385,65.992064
4386,55.000000
4387,90.000000
4388,93.216783
4389,66.969697
4390,80.075757
4391,59.116162
4392,88.898809
4393,79.688644
4394,76.919192
4395,77.784091
4396,58.770007
4397,68.492063
4398,77.380952
4399,80.227272
4400,72.655122
4401,81.212121
4402,72.519841
4403,70.023809
4404,88.681818
4405,66.421356
4406,49.213564
4407,74.722222
4408,74.070707
4409,83.021978
4410,66.091686
4411,53.464938
4412,68.921356
4413,59.855880
4414,71.180555
4415,79.318182
4416,76.880952
4417,82.115384
4418,76.660838
4419,89.242424
4420,65.896977
4421,77.297980
4422,72.613636
4423,74.044011
4424,67.089646
4425,69.756945
4426,57.020202
4427,56.980519
4428,74.902778
4429,71.707071
4430,84.722223
4431,75.678932
4432,66.685605
4433,18.484848
4434,75.839646
4435,72.557720
4436,73.214646
4437,74.185606
4438,72.474358
4439,77.091241
4440,84.599358
4441,62.380952
4442,82.020202
4443,81.581501
4444,92.307692
4445,61.935425
4446,92.980769
4447,70.793706
4448,74.454545
4449,86.000000
4450,83.055555
4451,67.278554
4452,76.888889
4453,70.524475
4454,71.366966
4455,79.568182
4456,90.909091
4457,69.782717
4458,64.206349
4459,71.571484
4460,63.813131
4461,79.863247
4462,80.890152
4463,63.214286
4464,86.428571
4465,59.345030
4466,77.655122
4467,70.714076
4468,73.888889
4469,72.417027
4470,83.675324
4471,61.147186
4472,72.147186
4473,80.296148
4474,90.216783
4475,78.461081
4476,77.297980
4477,85.735930
4478,77.280219
4479,68.971361
4480,54.426406
4481,84.480519
4482,71.613248
4483,68.194444
4484,74.956709
4485,66.916666
4486,63.320707
4487,69.964286
4488,85.416666
4489,58.095238
4490,59.960317
4491,71.064213
4492,89.848485
4493,63.708152
4494,65.558052
4495,63.845599
4496,65.793650
4497,54.193181
4498,58.567821
4499,80.221445
4500,69.653679
4501,68.017399
4502,73.174603
4503,51.326729
4504,65.393218
4505,75.746031
4506,88.974358
4507,62.381313
4508,63.210678
4509,66.287490
4510,65.982143
4511,83.100232
4512,57.222222
4513,81.269841
4514,53.374819
4515,73.814103
4516,83.333333
4517,75.158730
4518,88.571428
4519,70.512265
4520,61.999999
4521,76.818182
4522,68.252165
4523,90.454545
4524,72.939005
4525,67.138889
4526,70.796356
4527,57.254690
4528,56.440476
4529,63.207071
4530,74.751081
4531,79.444444
4532,87.832167
4533,75.000000
4534,78.441558
4535,65.944444
4536,89.307692
4537,66.742424
4538,68.290043
4539,84.599358
4540,75.482143
4541,74.944805
4542,69.749903
4543,61.464646
4544,66.464646
4545,77.794705
4546,68.564213
4547,78.611111
4548,81.910867
4549,82.051281
4550,76.339286
4551,68.836441
4552,76.707071
4553,77.589285
4554,75.833334
4555,77.460317
4556,85.879121
4557,61.393162
4558,67.323232
4559,79.318182
4560,74.315476
4561,84.238782
4562,75.252525
4563,74.601010
4564,70.792540
4565,87.500000
4566,61.067821
4567,85.521977
4568,61.531801
4569,61.266233
4570,78.713606
4571,81.666666
4572,72.986111
4573,67.788461
4574,64.722223
4575,68.155122
4576,81.825397
4577,78.379120
4578,77.191141
4579,64.252136
4580,72.522338
4581,71.833334
4582,83.888889
4583,90.288461
4584,67.960373
4585,68.134921
4586,73.951389
4587,76.527778
4588,52.981185
4589,68.440837
4590,86.575091
4591,71.508449
4592,85.075757
4593,71.802642
4594,63.339646
4595,76.226551
4596,69.212662
4597,76.944444
4598,71.910867
4599,86.875902
4600,65.849358
4601,72.055555
4602,52.601010
4603,59.214286
4604,67.181429
4605,72.147186
4606,70.625485
4607,73.093434
4608,55.222222
4609,85.000000
4610,52.008547
4611,81.287879
4612,58.844170
4613,69.816434
4614,70.705128
4615,76.163003
4616,81.383449
4617,66.159091
4618,71.028513
4619,55.631313
4620,56.706349
4621,76.791486
4622,61.433954
4623,70.321789
4624,63.216783
4625,66.753968
4626,63.560605
4627,81.336371
4628,73.518009
4629,70.032467
4630,67.307692
4631,79.883449
4632,70.075757
4633,81.415043
4634,71.708846
4635,67.661227
4636,80.348484
4637,69.404762
4638,58.299755
4639,81.571429
4640,62.083333
4641,67.859848
4642,80.555556
4643,72.727273
4644,84.093406
4645,83.669107
4646,76.468254
4647,62.387057
4648,81.111111
4649,67.813852
4650,84.797980
4651,81.206501
4652,60.500610
4653,76.071428
4654,78.409091
4655,61.123377
4656,75.232143
4657,82.888889
4658,67.545787
4659,71.994949
4660,72.053571
4661,79.880952
4662,88.571428
4663,83.409091
4664,67.929293
4665,68.131313
4666,65.921356
4667,82.714646
4668,48.769842
4669,85.075757
4670,73.639762
4671,74.375000
4672,59.238095
4673,62.794011
4674,82.727272
4675,73.964646
4676,48.614829
4677,79.375000
4678,80.259740
4679,91.146978
4680,77.777778
4681,81.904762
4682,71.452990
4683,78.459207
4684,88.888889
4685,86.071428
4686,56.268731
4687,63.425324
4688,76.550116
4689,78.178904
4690,80.505952
4691,77.575757
4692,68.227605
4693,69.505050
4694,67.096861
4695,94.615384
4696,76.138861
4697,51.263528
4698,71.200757
4699,60.635892
4700,70.366161
4701,84.378399
4702,74.391025
4703,77.099567
4704,82.727272
4705,46.130953
4706,76.966783
4707,81.266233
4708,74.797980
4709,85.707071
4710,70.422980
4711,67.095959
4712,69.883449
4713,77.799145
4714,80.341991
4715,74.277778
4716,77.871905
4717,86.212121
4718,61.992064
4719,69.510490
4720,76.196581
4721,70.337995
4722,53.934343
4723,60.512265
4724,86.575757
4725,55.871212
4726,63.474026
4727,85.021978
4728,79.603175
4729,66.980519
4730,72.103175
4731,81.041666
4732,78.106151
4733,67.222222
4734,87.742424
4735,79.547118
4736,63.785867
4737,71.388889
4738,80.707071
4739,61.428571
4740,62.744561
4741,75.779914
4742,70.987790
4743,54.563492
4744,83.985042
4745,75.909091
4746,81.788211
4747,69.909091
4748,85.625000
4749,91.818182
4750,71.679535
4751,71.401098
4752,63.238636
4753,66.071429
4754,70.829670
4755,76.664835
4756,60.075758
4757,61.111111
4758,47.623377
4759,73.425324
4760,82.640692
4761,74.012237
4762,90.568182
4763,65.075757
4764,87.159091
4765,79.252136
4766,83.974358
4767,75.155122
4768,60.833333
4769,93.974358
4770,84.318182
4771,88.896103
4772,75.363247
4773,71.932511
4774,42.196581
4775,69.264762
4776,79.545455
4777,66.633297
4778,68.888889
4779,70.964646
4780,88.131313
4781,78.578088
4782,58.466811
4783,80.436508
4784,81.464646
4785,59.626484
4786,91.666666
4787,82.348485
4788,72.053224
4789,76.818182
4790,54.040403
4791,80.225330
4792,77.897727
4793,74.545454
4794,73.945707
4795,79.337814
4796,71.825396
4797,88.263889
4798,48.730214
4799,69.743035
4800,60.075757
4801,88.716783
4802,58.459478
4803,79.343434
4804,82.075757
4805,73.333333
4806,63.855311
4807,72.333333
4808,80.389193
4809,70.568182
4810,82.777778
4811,62.131313
4812,80.766233
4813,78.055555
4814,78.508158
4815,73.261599
4816,85.182595
4817,86.551282
4818,79.883449
4819,69.865800
4820,72.777778
4821,58.993506
4822,46.388889
4823,79.541569
4824,73.998168
4825,71.575757
4826,67.013889
4827,73.753399
4828,82.500000
4829,83.585470
4830,85.075757
4831,72.532467
4832,53.975468
4833,68.039737
4834,79.734848
4835,58.637265
4836,84.166667
4837,61.503107
4838,79.529914
4839,73.686869
4840,70.492424
4841,81.948051
4842,71.464646
4843,69.166666
4844,83.461538
4845,78.282828
4846,80.521978
4847,54.047619
4848,76.341991
4849,82.188228
4850,84.242424
4851,49.880953
4852,62.772338
4853,58.982684
4854,78.464646
4855,60.854701
4856,68.339646
4857,69.949494
4858,79.909091
4859,69.936869
4860,82.323232
4861,89.069264
4862,67.008657
4863,79.688644
4864,75.512265
4865,61.071428
4866,71.458333
4867,84.413364
4868,79.888889
4869,77.738095
4870,64.696969
4871,63.666667
4872,68.693182
4873,66.186868
4874,78.298701
4875,90.641025
4876,71.818182
4877,64.587912
4878,47.873376
4879,71.478175
4880,60.042180
4881,62.061688
4882,80.347222
4883,59.273504
4884,76.196581
4885,77.371794
4886,86.909091
4887,82.532467
4888,67.430555
4889,77.532467
4890,84.242424
4891,66.921356
4892,83.766233
4893,77.759740
4894,73.015873
4895,80.290043
4896,71.464646
4897,70.175324
4898,86.464646
4899,71.670066
4900,75.945166
4901,69.199134
4902,83.055555
4903,75.297980
4904,74.909091
4905,71.196581
4906,56.226551
4907,61.369408
4908,72.722222
4909,58.928571
4910,80.623377
4911,63.484848
4912,75.233100
4913,63.053724
4914,63.188644
4915,60.603175
4916,68.583694
4917,72.178932
4918,66.399711
4919,80.746032
4920,66.547009
4921,73.012265
4922,47.545787
4923,54.464286
4924,62.199134
4925,75.301587
4926,74.755245
4927,83.409091
4928,62.131618
4929,78.290043
4930,77.585470
4931,83.075757
4932,75.444444
4933,82.323232
4934,81.250000
4935,48.055555
4936,79.797980
4937,81.575757
4938,79.822955
4939,71.325757
4940,80.909090
4941,86.534091
4942,68.928571
4943,66.214286
4944,69.848901
4945,96.666666
4946,59.768980
4947,89.797980
4948,72.659091
4949,85.000000
4950,77.383449
4951,81.821581
4952,72.534964
4953,73.696581
4954,62.899601
4955,80.990259
4956,71.355519
4957,66.035353
4958,73.459596
4959,66.470238
4960,74.465812
4961,69.595959
4962,61.309523
4963,65.750000
4964,80.363247
4965,51.774891
4966,72.829768
4967,81.089743
4968,59.888889
4969,54.194805
4970,57.447552
4971,60.075757
4972,60.262626
4973,85.075757
4974,75.543622
4975,86.891026
4976,84.321789
4977,79.675324
4978,88.216783
4979,72.722222
4980,76.269841
4981,87.664835
4982,67.797619
4983,63.088023
4984,76.409091
4985,73.856643
4986,71.434676
4987,80.000000
4988,72.538961
4989,78.507603
4990,71.913364
4991,51.174242
4992,62.408702
4993,82.727272
4994,69.603175
4995,66.458333
4996,72.516233
4997,61.573925
4998,73.295454
4999,90.659091
